4 0 15667 33739 32771 
4 1 1750 1729 32533 
4 2 32085 6287 6365 
4 3 15098 1765 1793 
4 4 6319 1813 1680 
4 5 26923 6376 21967 
4 6 1837 1824 1681 
4 7 1830 6346 6393 
4 8 14947 14962 1867 
4 9 1936 1859 1743 
4 10 1959 24748 6463 
4 11 1941 1683 1682 
4 12 63368 26746 24622 
4 13 36756 42969 10686 
4 14 29760 58251 15347 
4 15 14862 11109 1964 
4 16 1957 1685 2017 
4 17 14780 2076 1687 
4 18 2273 1684 2175 
4 19 61298 1688 70098 
4 20 2328 2573 2509 
4 21 2335 2607 3091 
4 22 2699 1689 2449 
4 23 1697 54956 2523 
4 24 2336 1970 14906 
4 25 3058 3219 16714 
4 26 14974 15464 15304 
4 27 1699 15515 14779 
4 28 6326 3406 1701 
4 29 2546 1703 1950 
4 30 1686 2522 1748 
4 31 2621 2135 2737 
4 32 3409 2778 2817 
4 33 3010 10649 1780 
4 34 10800 4502 1845 
4 35 1772 1926 11880 
4 36 10927 3394 2406 
4 37 11482 10703 6624 
4 38 6275 1960 2651 
4 39 6727 1711 42033 
4 40 1690 74687 26537 
4 41 48870 1692 42186 
4 42 6651 6276 1693 
4 43 12290 1849 1712 
4 44 3206 12237 10647 
4 45 13440 10972 6288 
4 46 3223 42908 10652 
4 47 3720 12898 1741 
4 48 1694 13993 10657 
4 49 1696 1702 3242 
4 50 6711 2360 6272 
4 51 3272 1721 10659 
4 52 3342 1939 2732 
4 53 3514 1705 3573 
4 54 5202 1707 1708 
4 55 18778 11099 11183 
4 56 45991 1876 2374 
4 57 27350 25721 1709 
4 58 17637 3446 3979 
4 59 10644 1737 4131 
4 60 1715 55283 3744 
4 61 82967 1817 21315 
4 62 1923 7554 1713 
4 63 4245 4520 1719 
4 64 3705 25810 29180 
4 65 2426 1714 3748 
4 66 1946 2189 8294 
4 67 3986 2101 4446 
4 68 2701 1802 2783 
4 69 3851 3618 2266 
4 70 3256 1863 2810 
4 71 2520 4033 9932 
4 72 4176 2245 4428 
4 73 31888 16651 2873 
4 74 4504 4792 1940 
4 75 1716 3359 3218 
4 76 1691 1717 1718 
4 77 1722 1723 1724 
4 78 2068 1725 1726 
4 79 4617 2543 97319 
4 80 2853 3133 4857 
4 81 4635 2530 5299 
4 82 5344 3442 2327 
4 83 3425 1869 4915 
4 84 4677 3698 3027 
4 85 54094 2136 5156 
4 86 2927 6096 41871 
4 87 56433 41003 1890 
4 88 35698 6751 2120 
4 89 35983 3794 3453 
4 90 5255 6141 1730 
4 91 5448 4202 6849 
4 92 5505 2357 4616 
4 93 38317 50389 4746 
4 94 37948 9120 3387 
4 95 3271 4683 2413 
4 96 6168 1739 7603 
4 97 4043 2178 6151 
4 98 7742 2476 3520 
4 99 5549 6720 1728 
4 100 3619 26662 3321 
4 101 48110 3478 6196 
4 102 5726 5744 22875 
4 103 27683 12634 6726 
4 104 6233 6262 13579 
4 105 6067 16640 5730 
4 106 3595 12464 3437 
4 107 4042 10304 2389 
4 108 2193 1971 4621 
4 109 3768 6487 1788 
4 110 6120 5507 7475 
4 111 1754 10224 1679 
4 112 65330 620 1337 
4 113 28444 46106 20108 
4 114 70268 23076 25501 
4 115 40995 19552 18087 
4 116 28468 29569 23073 
4 117 78938 26546 34364 
4 118 39689 26584 25708 
4 119 28448 22915 23585 
4 120 23130 22456 28485 
4 121 35231 7556 24356 
4 122 15825 31752 36163 
4 123 81280 36008 32043 
4 124 28440 24867 30810 
4 125 34905 23195 22882 
4 126 22539 20294 36091 
4 127 31084 44496 16188 
4 128 28902 25626 1355 
4 129 22821 16096 15821 
4 130 17108 5903 38526 
4 131 34146 9481 38095 
4 132 29928 12159 7614 
4 133 14671 8061 23444 
4 134 30470 23820 21888 
4 135 24517 38486 23474 
4 136 23015 22419 23974 
4 137 15926 16114 22305 
4 138 16758 8465 15766 
4 139 1430 38959 1431 
4 140 25160 23306 22502 
4 141 18982 8165 27111 
4 142 6445 4062 26640 
4 143 878 79563 14538 
4 144 27626 17761 83942 
4 145 25836 14446 9720 
4 146 75775 30784 1039 
4 147 8049 75878 76291 
4 148 30954 36723 29743 
4 149 71672 13010 7572 
4 150 51332 21375 36363 
4 151 939 21384 21376 
4 152 24080 7557 7607 
4 153 21378 7560 7703 
4 154 61276 12990 7553 
4 155 83806 7561 7558 
4 156 75687 76341 876 
4 157 24132 80502 44489 
4 158 21420 26083 8581 
4 159 13726 17796 14470 
4 160 9389 28311 11180 
4 161 21472 24083 83924 
4 162 81993 9221 10353 
4 163 76353 392 32338 
4 164 20244 13284 9387 
4 165 92513 7579 9462 
4 166 21539 16269 77120 
4 167 27699 28912 1292 
4 168 21374 14561 35555 
4 169 24063 7633 1121 
4 170 7829 16482 7642 
4 171 28006 24819 8668 
4 172 83062 948 864 
4 173 76488 14500 11046 
4 174 29584 843 8010 
4 175 83149 7291 26831 
4 176 84043 17888 9365 
4 177 76515 80459 8985 
4 178 8043 7721 1521 
4 179 83486 61278 4991 
4 180 77025 1129 18535 
4 181 17246 84684 9750 
4 182 89786 14680 28963 
4 183 8350 12724 15444 
4 184 14242 8136 14445 
4 185 7859 386 7559 
4 186 8233 7575 7562 
4 187 7923 7555 8435 
4 188 7587 13930 7715 
4 189 8887 7563 7619 
4 190 8590 9078 7576 
4 191 8737 7983 13175 
4 192 9184 7565 8074 
4 193 71147 11583 7655 
4 194 9386 7588 7828 
4 195 13344 7656 9403 
4 196 7832 8179 16503 
4 197 9537 14217 7887 
4 198 9548 7822 11574 
4 199 4289 7566 8446 
4 200 9648 8301 16266 
4 201 7659 8700 8704 
4 202 9862 9129 7552 
4 203 1175 956 1371 
4 204 76868 10496 1031 
4 205 87083 1418 832 
4 206 1260 9826 1204 
4 207 88708 74796 1541 
4 208 6915 4104 910 
4 209 72458 27991 5261 
4 210 77037 75588 921 
4 211 90043 21031 71268 
4 212 90928 27571 1275 
4 213 6892 419 33340 
4 214 454 75534 61170 
4 215 1241 6415 13822 
4 216 63229 62599 1057 
4 217 7325 1497 64395 
4 218 12927 1128 963 
4 219 62033 60351 452 
4 220 1481 1206 6585 
4 221 466 10424 506 
4 222 61451 1030 13504 
4 223 483 1059 62257 
4 224 64705 1104 931 
4 225 7465 3909 54564 
4 226 1136 34959 34264 
4 227 13840 1029 395 
4 228 944 397 1007 
4 229 1025 505 1394 
4 230 593 786 415 
4 231 1046 1086 528 
4 232 3602 1566 1087 
4 233 63463 59114 401 
4 234 4933 5597 4087 
4 235 1397 533 595 
4 236 72914 10320 4694 
4 237 642 1134 1229 
4 238 655 1131 1232 
4 239 662 410 1111 
4 240 476 69712 1193 
4 241 532 671 616 
4 242 1327 735 553 
4 243 5276 1257 450 
4 244 53103 48925 1238 
4 245 1052 69258 25897 
4 246 916 405 709 
4 247 607 890 960 
4 248 740 750 664 
4 249 1409 668 4221 
4 250 21360 1894 1932 
4 251 1322 996 4728 
4 252 902 683 641 
4 253 1234 691 61952 
4 254 63779 711 672 
4 255 761 799 431 
4 256 1306 65032 782 
4 257 814 3954 831 
4 258 2403 5063 414 
4 259 64173 481 2036 
4 260 63749 61265 773 
4 261 2391 834 881 
4 262 5229 61112 6001 
4 263 676 64664 64298 
4 264 830 1172 987 
4 265 62373 2416 1205 
4 266 6204 409 901 
4 267 862 1023 1137 
4 268 3303 5648 547 
4 269 64831 67002 429 
4 270 61638 2456 5184 
4 271 1666 65007 1219 
4 272 4125 8915 1209 
4 273 4230 1082 65275 
4 274 66165 28545 43757 
4 275 4279 3234 3331 
4 276 1170 2143 1333 
4 277 96623 1419 444 
4 278 1297 440 28592 
4 279 69719 64778 63057 
4 280 1270 1382 19750 
4 281 1414 1471 1458 
4 282 62353 66437 20434 
4 283 4273 448 62748 
4 284 4511 456 19691 
4 285 68253 393 6395 
4 286 69893 633 9730 
4 287 72591 614 75138 
4 288 52386 1569 5119 
4 289 460 2014 1597 
4 290 74712 34873 6219 
4 291 1917 62947 13134 
4 292 75071 63603 1535 
4 293 2131 1635 67147 
4 294 2211 2147 1650 
4 295 4979 2058 471 
4 296 2312 475 2151 
4 297 2119 2761 1768 
4 298 5388 3629 2474 
4 299 2455 61157 48769 
4 300 2186 75282 56824 
4 301 2280 5606 8317 
4 302 2557 1784 484 
4 303 1828 2561 1962 
4 304 1847 2132 511 
4 305 2203 9740 2356 
4 306 2482 1897 388 
4 307 2065 2393 5401 
4 308 2688 2483 11270 
4 309 2800 5634 5239 
4 310 98840 60310 959 
4 311 2550 387 2515 
4 312 2601 2164 408 
4 313 2619 2705 479 
4 314 2399 2704 389 
4 315 2808 2415 2839 
4 316 2878 30184 784 
4 317 2885 390 2904 
4 318 2939 517 2680 
4 319 2942 58271 58496 
4 320 2715 3245 6823 
4 321 2988 551 3060 
4 322 55795 15559 2833 
4 323 3026 2870 3075 
4 324 3051 2743 50671 
4 325 3081 2857 3262 
4 326 53962 391 3189 
4 327 3283 68803 48273 
4 328 9912 530 3379 
4 329 54681 3179 3211 
4 330 2955 3460 3439 
4 331 69120 394 3251 
4 332 3374 51546 631 
4 333 783 817 3490 
4 334 3548 58980 23826 
4 335 3557 53960 512 
4 336 60711 52138 579 
4 337 3738 3015 79576 
4 338 3814 705 50572 
4 339 3767 35019 836 
4 340 48399 3806 3822 
4 341 45810 3009 2909 
4 342 48724 827 3049 
4 343 58265 3501 3671 
4 344 396 48817 351 
4 345 398 54322 19641 
4 346 399 400 402 
4 347 403 404 406 
4 348 48349 78757 407 
4 349 5379 28635 411 
4 350 46302 23705 3891 
4 352 5842 3894 5792 
4 353 4098 39925 35092 
4 354 412 56085 6102 
4 355 44865 41240 413 
4 356 3888 29223 3389 
4 357 71598 35916 895 
4 358 56206 975 5967 
4 359 96425 78051 3547 
4 360 48221 3825 56272 
4 361 97666 991 4295 
4 362 54926 22181 3918 
4 363 35657 39151 47774 
4 364 50288 47601 3770 
4 365 57786 49227 982 
4 366 56873 3492 4004 
4 367 34335 587 416 
4 368 50326 1118 417 
4 369 418 41938 46124 
4 370 421 422 423 
4 371 424 425 426 
4 372 6244 427 428 
4 373 95902 430 4304 
4 374 83374 51407 1024 
4 375 91657 3886 4107 
4 376 91987 34351 432 
4 377 77794 6247 4928 
4 378 32050 47583 42025 
4 379 434 435 436 
4 380 437 438 439 
4 381 442 443 445 
4 382 446 449 451 
4 383 453 455 457 
4 384 420 458 459 
4 385 12905 433 441 
4 447 67431 53187 35716 
4 461 53007 34275 43960 
4 462 44559 31710 31110 
4 463 70045 44034 91939 
4 464 47643 44158 46451 
4 465 34686 59336 15172 
4 467 40898 75327 13240 
4 468 44316 29438 59440 
4 469 49834 21036 70053 
4 470 47887 39425 22618 
4 472 36736 47603 39683 
4 473 49101 45701 28701 
4 474 44586 52009 44248 
4 477 95323 29202 73436 
4 478 43917 39249 29496 
4 480 31615 10983 43878 
4 482 35646 29690 51096 
4 485 71385 31007 49276 
4 486 71179 68031 37445 
4 487 38511 34447 29731 
4 488 38420 68068 28906 
4 489 37213 36781 33359 
4 490 37860 45028 43438 
4 491 33627 58937 48441 
4 492 36343 37622 35379 
4 493 42862 35598 44880 
4 494 49527 48826 6615 
4 495 33468 28694 39646 
4 496 49745 40889 36766 
4 497 32775 47380 25205 
4 498 36174 30546 35806 
4 499 39179 39944 73548 
4 500 44163 37918 35494 
4 501 40969 39962 37115 
4 502 29871 83576 68005 
4 503 67926 21055 38669 
4 504 33194 29724 88956 
4 507 37977 35999 59851 
4 508 59608 43740 34722 
4 509 56058 28238 36337 
4 510 94673 13792 30806 
4 513 36458 58353 30040 
4 514 45707 33399 15189 
4 515 50302 36328 36819 
4 516 33816 48501 29591 
4 518 34273 41278 29879 
4 519 95209 32585 33157 
4 520 43629 34954 31010 
4 521 34897 73834 30413 
4 522 27621 28043 28082 
4 523 33129 24407 26185 
4 524 29508 19883 29470 
4 525 37292 25884 55218 
4 526 52774 38492 28240 
4 527 33644 27536 6578 
4 529 95229 19110 28365 
4 531 96441 21905 38156 
4 534 31234 28373 42094 
4 535 30789 22695 28717 
4 536 34137 25565 32151 
4 537 29075 24018 38046 
4 538 38274 28402 44147 
4 539 31813 21028 29069 
4 540 98205 21190 28395 
4 541 22097 23454 23930 
4 542 39432 14212 30936 
4 543 21814 12976 32345 
4 544 33708 92548 49958 
4 545 33727 28860 28389 
4 546 28344 94717 27694 
4 548 93307 24842 94015 
4 549 26715 20054 39659 
4 550 32334 32354 12882 
4 552 89112 20572 85905 
4 554 32897 27885 29171 
4 555 33942 43006 76737 
4 556 54307 19056 21332 
4 557 27695 20619 13739 
4 558 93335 45534 24286 
4 559 28721 27121 19483 
4 560 24457 20738 93007 
4 561 20685 65309 25489 
4 562 18250 95938 18882 
4 563 20808 15178 32450 
4 564 31019 21089 15916 
4 565 23791 21125 32938 
4 566 27410 32818 23935 
4 567 32217 22535 61670 
4 568 19640 98313 17626 
4 569 92942 92780 19555 
4 570 23891 23244 24019 
4 571 15499 83325 42248 
4 572 35235 24529 21237 
4 573 94273 24429 33021 
4 574 38425 41916 31722 
4 575 18131 74650 18068 
4 576 21947 26055 12466 
4 577 36211 28088 26405 
4 578 92038 14215 32931 
4 580 24406 42345 29151 
4 581 26804 74679 39162 
4 582 18095 14866 17818 
4 583 65090 26960 27312 
4 584 34080 20917 19081 
4 585 14108 14531 18575 
4 586 18936 16143 13722 
4 588 51707 40911 12881 
4 589 17685 89220 16405 
4 590 89405 89721 20393 
4 591 92099 51386 21018 
4 592 26197 27850 16036 
4 594 31460 20952 20712 
4 596 98941 22655 17492 
4 597 15751 14938 24506 
4 598 94306 10063 20993 
4 599 15152 11590 18809 
4 600 39262 11787 6599 
4 601 17836 15494 13943 
4 602 95275 17643 39330 
4 603 95514 44365 18347 
4 604 32436 15111 14761 
4 605 89096 97508 49183 
4 606 15888 85577 45708 
4 608 86075 19547 16901 
4 609 95806 16337 62412 
4 610 56064 17248 18041 
4 611 18149 50877 61629 
4 612 87952 16365 11901 
4 613 67417 16843 37803 
4 615 85576 29070 11872 
4 617 93424 18045 96310 
4 618 59151 92248 24597 
4 619 83101 26217 52498 
4 621 17187 15378 28133 
4 622 98270 14627 17451 
4 623 99602 6774 37718 
4 624 68434 39284 10534 
4 625 90217 27630 24875 
4 626 99192 99221 17780 
4 627 89510 71622 13288 
4 628 92100 16743 68514 
4 629 91904 60951 77855 
4 630 16975 14301 99450 
4 632 88520 6622 17708 
4 634 11220 90176 26815 
4 635 37979 10478 97484 
4 636 87434 14936 27585 
4 637 87780 39823 17041 
4 638 74295 18075 6630 
4 639 91664 15257 41143 
4 640 95950 89695 12293 
4 643 89062 6628 10030 
4 644 77225 76060 51591 
4 645 86746 24319 6639 
4 646 85432 40054 79146 
4 647 88025 17435 19550 
4 648 75338 43546 46753 
4 649 81848 30321 58880 
4 650 17918 8040 90140 
4 651 13572 5945 94725 
4 652 81904 5882 50798 
4 653 6701 78667 56438 
4 654 75907 43275 70458 
4 656 84718 8835 81714 
4 657 76142 27864 18312 
4 658 90274 21520 10047 
4 659 81842 24222 10558 
4 660 40993 18793 17736 
4 661 68473 73372 10090 
4 663 10100 79754 11773 
4 665 81830 37281 10124 
4 666 70772 14178 62286 
4 667 13985 65589 20367 
4 669 73665 10834 11565 
4 670 89045 80567 92991 
4 673 85025 6716 13609 
4 674 82551 20722 86385 
4 675 14275 84917 11887 
4 677 97592 46894 46258 
4 678 77816 17846 10180 
4 679 81924 14875 28125 
4 680 79043 77397 74582 
4 681 71427 24628 73367 
4 682 27649 76425 14322 
4 684 26651 18878 27586 
4 685 74696 65663 12308 
4 686 71665 94029 84522 
4 687 83520 15411 6815 
4 688 75153 12220 60125 
4 689 94322 90720 28360 
4 690 77504 5971 66596 
4 692 10073 72231 65171 
4 693 79667 60233 37173 
4 694 52015 77327 18760 
4 695 78096 16272 11969 
4 696 68855 99328 11990 
4 697 27775 25453 26346 
4 698 86219 80191 13036 
4 699 82933 90015 26371 
4 700 82444 81914 21651 
4 701 95912 26972 82651 
4 702 79083 18562 30089 
4 703 73670 6955 12165 
4 704 90937 53432 73818 
4 706 80500 6967 46068 
4 707 77707 8292 16904 
4 708 39439 77390 79263 
4 710 23480 11008 25516 
4 712 87505 12190 13683 
4 713 80910 8068 11080 
4 714 17066 11996 15339 
4 715 75403 65670 15179 
4 716 76336 30025 6841 
4 717 62374 10636 58332 
4 718 15752 18947 14187 
4 719 84255 26907 17611 
4 720 16967 8542 22309 
4 721 60950 17069 68193 
4 722 17529 14557 20230 
4 723 83497 11561 80650 
4 724 96268 26857 11768 
4 725 81546 6620 55570 
4 726 77202 16040 45940 
4 727 80879 11713 10761 
4 728 77682 14022 14356 
4 729 65094 13931 18965 
4 730 26187 65838 44214 
4 731 68548 12268 6738 
4 732 61486 97731 6664 
4 733 80984 74799 27927 
4 734 52450 68389 6832 
4 736 69105 70215 12239 
4 737 17719 6619 28056 
4 738 16578 86584 6923 
4 739 22279 50793 8674 
4 741 23279 29753 40440 
4 742 14240 61967 30488 
4 743 65118 17146 14307 
4 744 71334 27162 66746 
4 745 45590 28101 68660 
4 746 54851 59762 25433 
4 747 52047 10283 10174 
4 748 63259 30501 23235 
4 749 6683 18551 19043 
4 751 66703 44713 74062 
4 752 94048 5992 76609 
4 753 81480 41705 29402 
4 754 72573 50930 9027 
4 755 69516 20497 56866 
4 756 79988 13666 12858 
4 757 25159 59679 66698 
4 758 79129 31054 7062 
4 759 54244 50282 47681 
4 760 59160 6394 6165 
4 762 88228 16654 5894 
4 763 66430 81814 39550 
4 764 96671 91646 25429 
4 765 29471 49900 12379 
4 766 67515 6957 7258 
4 767 66273 5905 29594 
4 768 56351 12012 46361 
4 769 66477 14444 59361 
4 770 65549 8372 63114 
4 771 73757 10897 28123 
4 772 76205 67221 30067 
4 774 60913 30284 8008 
4 775 55154 14811 10458 
4 776 68915 21861 16312 
4 777 62357 58000 41073 
4 778 57070 10630 8439 
4 779 89770 59592 57809 
4 780 66718 61493 27540 
4 781 62367 50234 23853 
4 785 62908 56869 49426 
4 787 60767 11107 23713 
4 788 73602 65744 10032 
4 789 62945 17834 68961 
4 790 24663 62125 14175 
4 791 64602 54303 9544 
4 792 98215 6198 58146 
4 793 95952 16872 73887 
4 794 51425 27002 59573 
4 795 20199 11745 31103 
4 796 62597 12305 6048 
4 797 97652 55960 11045 
4 798 65801 65162 99634 
4 800 72728 10169 68474 
4 801 72729 64152 69100 
4 802 64754 40255 84878 
4 803 63127 18544 10663 
4 804 53672 52656 6447 
4 805 13834 52914 10730 
4 806 16682 7276 61674 
