4 0 15667 33739 10649 
4 1 1750 1729 13440 
4 2 2621 1765 1793 
4 3 1837 1813 1680 
4 4 6319 6346 6365 
4 5 1936 1830 6393 
4 6 2076 1681 1959 
4 7 1941 1683 1682 
4 8 24748 6463 6395 
4 9 1957 1685 11880 
4 10 13993 10800 1684 
4 11 29180 6287 6376 
4 12 32533 8350 1748 
4 13 36008 2328 1688 
4 14 15098 1867 1964 
4 15 2017 2175 2273 
4 16 2335 2573 1687 
4 17 24875 6275 1859 
4 18 2336 1689 2449 
4 19 10686 10645 2509 
4 20 10927 3091 1960 
4 21 2523 1697 1970 
4 22 2699 1703 1950 
4 23 1743 6624 2607 
4 24 14974 1780 2737 
4 25 3058 3219 1721 
4 26 32131 40995 6345 
4 27 1699 2546 1737 
4 28 6326 3406 1701 
4 29 2778 2817 2360 
4 30 1686 2522 1772 
4 31 14779 3010 10652 
4 32 3409 3720 12898 
4 33 3206 11109 10972 
4 34 11183 18778 11099 
4 35 1788 3223 2135 
4 36 3242 1693 3342 
4 37 3394 2406 10647 
4 38 6276 1802 2651 
4 39 6727 1711 3573 
4 40 1690 3514 1692 
4 41 10644 6272 4677 
4 42 3272 1725 1694 
4 43 3979 1715 5202 
4 44 3705 14217 1817 
4 45 8465 4502 1824 
4 46 3748 4131 4245 
4 47 42969 2101 3986 
4 48 1696 1702 3851 
4 49 1705 4033 1707 
4 50 32085 8294 23015 
4 51 4176 1926 4504 
4 52 4428 2783 2374 
4 53 4446 2189 4520 
4 54 4617 1708 4792 
4 55 4857 2543 2732 
4 56 4635 1799 3359 
4 57 4915 1709 5255 
4 58 5299 1923 7554 
4 59 5344 2701 1741 
4 60 1712 2426 1713 
4 61 5448 4202 1714 
4 62 1939 3618 1946 
4 63 6141 5505 2357 
4 64 5549 1716 3256 
4 65 2520 4616 1768 
4 66 2193 1971 3453 
4 67 5744 2474 6096 
4 68 25501 6067 6751 
4 69 5726 6120 1814 
4 70 3425 1869 6151 
4 71 2810 3698 2266 
4 72 6168 1940 12990 
4 73 4043 1719 6233 
4 74 6196 6711 2413 
4 75 1717 2327 3027 
4 76 1691 1718 1722 
4 77 1723 1724 1726 
4 78 2068 1727 1728 
4 79 6262 7742 2476 
4 80 2853 2873 1754 
4 81 6487 1845 6585 
4 82 7603 3218 6651 
4 83 25160 4746 2178 
4 84 6720 1730 3619 
4 85 3794 3744 6849 
4 86 2927 6726 1876 
4 87 4062 16503 9720 
4 88 4104 6815 4683 
4 89 4221 6915 3133 
4 90 6892 7325 3211 
4 91 7062 3271 5239 
4 92 7475 4289 5606 
4 93 4621 7552 25516 
4 94 4728 9932 1917 
4 95 3387 2416 7859 
4 96 9120 3446 1746 
4 97 5634 1761 5156 
4 98 10224 1679 631 
4 99 786 1175 12634 
4 100 948 1418 13822 
4 101 29760 1204 8668 
4 102 25626 25429 48349 
4 103 1355 23585 5597 
4 104 25708 42033 395 
4 105 25836 956 25884 
4 106 26083 48870 34364 
4 107 41003 1039 24819 
4 108 878 876 26197 
4 109 26187 26640 25648 
4 110 26055 24847 25389 
4 111 392 26431 3442 
4 112 832 27350 963 
4 113 1029 466 35983 
4 114 1104 931 1007 
4 115 37948 620 28440 
4 116 939 32771 27111 
4 117 26923 27991 26746 
4 118 26662 24626 26584 
4 119 24987 26804 29928 
4 120 28963 9389 28344 
4 121 31752 25433 410 
4 122 24651 29753 30413 
4 123 25015 27312 32043 
4 124 28240 13585 29470 
4 125 26960 1394 31888 
4 126 34146 26537 32151 
4 127 33129 3595 24622 
4 128 15825 24356 24063 
4 129 24132 22875 16269 
4 130 27683 22821 16096 
4 131 16714 17108 14797 
4 132 36766 17637 21315 
4 133 23130 21967 16640 
4 134 37213 1481 22539 
4 135 30470 593 21888 
4 136 16266 14212 15926 
4 137 16337 28545 13834 
4 138 14445 13609 39683 
4 139 23974 391 36723 
4 140 23930 28902 21374 
4 141 16188 15766 10304 
4 142 13597 10353 16240 
4 143 27540 22456 8542 
4 144 13654 58980 17066 
4 145 61298 454 13579 
4 146 37622 23244 22655 
4 147 15888 14680 14947 
4 148 16114 21539 386 
4 149 36781 23820 14761 
4 150 14673 38317 14811 
4 151 16758 15347 14862 
4 152 22306 15464 22305 
4 153 387 23705 14671 
4 154 8165 8317 388 
4 155 9740 9388 23935 
4 156 9730 13930 13738 
4 157 19110 11482 9390 
4 158 19483 24457 19552 
4 159 12308 48110 8061 
4 160 13726 54956 12724 
4 161 12353 12292 9391 
4 162 37173 9387 1121 
4 163 9221 35716 9237 
4 164 37977 389 54564 
4 165 23747 55283 39951 
4 166 8435 75687 419 
4 167 37430 48826 12302 
4 168 46106 14510 17246 
4 169 8581 483 505 
4 170 14531 73367 1025 
4 171 61157 34264 14175 
4 172 40898 36163 56438 
4 173 8674 38046 944 
4 174 9365 12881 1337 
4 175 8439 25565 29569 
4 176 23891 1371 1086 
4 177 41871 1430 671 
4 178 1128 8067 8056 
4 179 38486 14538 18991 
4 180 12290 8074 1129 
4 181 8135 19555 8545 
4 182 39151 4694 36174 
4 183 8068 8862 655 
4 184 24018 921 23076 
4 185 452 8047 36784 
4 186 19019 1134 17736 
4 187 55766 21028 14377 
4 188 8046 19640 19750 
4 189 8136 20738 8049 
4 190 71598 8080 36819 
4 191 20054 735 1046 
4 192 20108 19043 8146 
4 193 74582 33644 82967 
4 194 39689 36756 15515 
4 195 63229 34905 8372 
4 196 22915 476 8887 
4 197 19044 8050 20277 
4 198 56824 36363 13380 
4 199 21814 14561 8059 
4 200 8357 36091 390 
4 201 74687 393 63368 
4 202 8195 8896 8174 
4 203 38095 16904 24867 
4 204 38492 35760 16482 
4 205 38156 1397 13572 
4 206 56866 1031 11180 
4 207 8985 8292 9537 
4 208 8043 916 58251 
4 209 528 533 595 
4 210 506 28592 35806 
4 211 642 709 5903 
4 212 1275 996 1059 
4 213 910 13552 24286 
4 214 662 397 9190 
4 215 740 960 1257 
4 216 35783 24517 394 
4 217 36720 5063 431 
4 218 5229 1229 5648 
4 219 65032 1566 415 
4 220 1260 683 532 
4 221 35838 1521 711 
4 222 668 5261 902 
4 223 691 399 773 
4 224 750 398 35555 
4 225 59114 401 396 
4 226 890 1327 1932 
4 227 56433 1057 831 
4 228 553 782 843 
4 229 1131 1111 429 
4 230 5730 450 1232 
4 231 607 1234 616 
4 232 1238 71672 830 
4 233 39262 36257 20069 
4 234 35999 3954 672 
4 235 1206 2391 1137 
4 236 14609 641 799 
4 237 1241 1136 1409 
4 238 1052 1306 8915 
4 239 1087 664 1497 
4 240 676 38511 834 
4 241 814 4230 21055 
4 242 29202 19081 6204 
4 243 75534 20367 761 
4 244 54094 53103 21360 
4 245 1219 1292 9233 
4 246 4125 9184 444 
4 247 862 881 2036 
4 248 1322 43629 1172 
4 249 36337 3303 6415 
4 250 15257 1205 2403 
4 251 1541 1419 456 
4 252 1431 1863 1209 
4 253 58496 14500 38230 
4 254 901 1535 62033 
4 255 987 1270 2312 
4 256 1666 4511 2014 
4 257 20294 2136 1635 
4 258 4087 4991 35698 
4 259 1894 3602 2131 
4 260 2120 4273 448 
4 261 5184 1471 2456 
4 262 35657 460 2455 
4 263 35092 50288 3972 
4 264 1082 6102 1170 
4 265 2143 1333 3557 
4 266 25810 5792 1458 
4 267 28701 1569 5119 
4 268 4279 3234 3331 
4 269 2211 17818 2280 
4 270 2530 52138 414 
4 271 2557 5401 1414 
4 272 5388 3629 3026 
4 273 27626 471 23073 
4 274 2688 440 18936 
4 275 21036 1597 52386 
4 276 15494 76341 13527 
4 277 2561 15178 16143 
4 278 72591 614 6738 
4 279 1382 29438 2550 
4 280 35598 400 1650 
4 281 1849 2151 2119 
4 282 2147 864 28019 
4 283 26831 481 4979 
4 284 5379 1297 2761 
4 285 2800 6134 10496 
4 286 2839 409 1023 
4 287 2885 4042 1784 
4 288 18982 13460 1847 
4 289 475 2186 17187 
4 290 2203 9403 1897 
4 291 2988 511 73602 
4 292 1828 3379 405 
4 293 2904 35646 2356 
4 294 2942 10657 484 
4 295 28402 1962 1890 
4 296 3081 3262 2245 
4 297 2482 2058 517 
4 298 77794 551 2619 
4 299 3245 6823 3891 
4 300 2483 20244 351 
4 301 2065 2132 408 
4 302 3437 705 2393 
4 303 2164 411 2515 
4 304 2399 2601 633 
4 305 2415 2705 417 
4 306 2680 2704 402 
4 307 2715 2756 50671 
4 308 2808 430 2743 
4 309 3283 547 783 
4 310 2833 2878 2857 
4 311 2870 2909 784 
4 312 2939 416 13531 
4 313 2955 462 3439 
4 314 3015 5840 21237 
4 315 3009 403 421 
4 316 3049 3051 817 
4 317 3060 3189 827 
4 318 48399 407 3075 
4 319 3115 3460 3156 
4 320 3179 836 3200 
4 321 3251 3314 5842 
4 322 428 29223 33359 
4 323 3269 15856 28133 
4 324 3321 13469 404 
4 325 13533 28485 530 
4 326 13546 895 44496 
4 327 36343 37918 47774 
4 328 48441 49227 406 
4 329 3374 47380 13175 
4 330 3395 3389 31007 
4 331 3398 975 412 
4 332 3470 982 959 
4 333 3478 437 438 
4 334 3548 10458 3490 
4 335 53007 422 6521 
4 336 3492 7204 991 
4 337 75138 10577 3501 
4 338 28188 22695 1092 
4 339 78938 28238 1011 
4 340 50793 4928 34959 
4 341 16365 1079 465 
4 342 58880 512 24429 
4 343 70098 1123 1063 
4 344 413 70268 479 
4 345 418 423 424 
4 346 425 426 427 
4 347 432 434 435 
4 348 4304 436 439 
4 349 17761 3888 29724 
4 350 13504 1148 11574 
4 352 13659 69390 10534 
4 353 4098 61112 16405 
4 354 442 5893 9405 
4 355 13418 443 445 
4 356 4004 5888 4763 
4 357 5967 4295 6219 
4 358 11073 14866 3822 
4 359 6244 28298 7428 
4 360 72914 17041 48505 
4 361 6247 6199 3894 
4 362 446 6549 3768 
4 363 11220 449 451 
4 364 33627 3770 3520 
4 365 72458 11787 494 
4 366 453 4142 4739 
4 367 6832 455 457 
4 368 69258 10320 11270 
4 369 458 67926 461 
4 370 459 463 464 
4 371 467 468 469 
4 372 60310 579 470 
4 373 50389 28721 42186 
4 374 6923 472 66437 
4 375 12927 51332 473 
4 376 6929 5359 29151 
4 377 474 5738 6139 
4 378 477 478 480 
4 379 482 486 487 
4 380 488 489 490 
4 381 491 492 495 
4 382 496 497 499 
4 383 500 501 503 
4 384 420 504 507 
4 385 17626 433 441 
4 447 48273 21031 9473 
4 485 53962 29591 28912 
4 493 64173 13722 34335 
4 498 13840 15499 18575 
4 502 68855 28082 29496 
4 508 83942 9078 9862 
4 509 11990 12012 63749 
4 510 13284 64395 67431 
4 513 50572 35019 43438 
4 514 92513 27775 44539 
4 515 54322 21905 34275 
4 516 63779 9462 8008 
4 518 45810 44559 13459 
4 519 81280 21520 55218 
4 520 48769 53972 31615 
4 521 51546 29584 14322 
4 522 13859 14275 6622 
4 523 9750 6447 37292 
4 524 47583 12237 14280 
4 525 84043 18131 66165 
4 526 64778 45590 17492 
4 527 21125 28389 21947 
4 529 9912 9440 13391 
4 531 7607 30789 44341 
4 534 65275 10030 53960 
4 535 51037 15172 49101 
4 536 44865 21185 35235 
4 537 15444 27550 47887 
4 538 46124 46451 17685 
4 539 34873 34351 48221 
4 540 66273 17888 14242 
4 541 15659 44598 85576 
4 542 66477 6716 47643 
4 543 67002 26405 28468 
4 544 68253 13344 11583 
4 545 55795 40969 34447 
4 546 64627 28123 9544 
4 548 69893 44248 31519 
4 549 71334 11969 17248 
4 550 64685 8764 6615 
4 552 6955 6628 63502 
4 554 97666 67143 11107 
4 555 50598 90043 45501 
4 556 28448 8989 12858 
4 557 92942 10063 23306 
4 558 63463 34994 16901 
4 559 51045 62748 24628 
4 560 50531 29803 33468 
4 561 49527 8590 10834 
4 562 49834 9548 50326 
4 563 58271 6619 54681 
4 564 58265 53219 56873 
4 565 71427 18644 52009 
4 566 9395 18095 10013 
4 567 10424 45707 13931 
4 568 9590 7258 6620 
4 569 58353 9868 44316 
4 570 31084 6508 41240 
4 571 83924 15931 49276 
4 572 71665 46016 10516 
4 573 73665 9434 22618 
4 574 36978 32461 10636 
4 575 7829 7296 47601 
4 576 53672 47845 34686 
4 577 9386 7335 7971 
4 578 45991 39182 54303 
4 580 74712 36395 37115 
4 581 65330 14108 28006 
4 582 47603 7298 96425 
4 583 60711 56480 15559 
4 584 49817 7984 83374 
4 585 54307 7465 43917 
4 586 56085 20722 23853 
4 587 56206 62947 37860 
4 588 64705 21332 23444 
4 589 38420 33340 7361 
4 590 42908 35411 38274 
4 591 39962 22535 34722 
4 592 38526 6701 9648 
4 594 79667 12190 38530 
4 596 48724 20959 42862 
4 597 44489 35066 7986 
4 598 54244 40120 12159 
4 599 50007 22502 53385 
4 600 57786 34273 9844 
4 601 11070 11166 6568 
4 602 35494 13170 7528 
4 603 49183 9922 81842 
4 604 7420 7983 35345 
4 605 30954 34831 41017 
4 606 34137 27630 27621 
4 608 62599 27266 38096 
4 609 54769 18068 30025 
4 610 95902 11350 34954 
4 611 36048 35433 13036 
4 612 55154 46361 27815 
4 613 77120 11590 11598 
4 615 27649 21190 35557 
4 617 39925 27864 22181 
4 618 30546 27571 21651 
4 619 51591 11561 39944 
4 621 46068 39445 17836 
4 622 32338 23454 9963 
4 623 32585 39425 27748 
4 624 23791 21420 20952 
4 625 56272 6957 11713 
4 626 61451 29743 53187 
4 627 57068 57381 35627 
4 628 13207 59336 12534 
4 629 46181 27121 44158 
4 630 35231 12464 20685 
4 632 27694 28694 12379 
4 634 8179 27885 22089 
4 635 28717 22419 39646 
4 636 27601 30806 20808 
4 637 21089 30936 20572 
4 638 7579 30810 7328 
4 639 30284 7421 28043 
4 640 79563 71268 13259 
4 643 32217 21861 62357 
4 644 83101 11768 24407 
4 645 22097 49958 50282 
4 646 30040 64831 22195 
4 647 87434 12220 47246 
4 648 46894 12474 27861 
4 649 36736 27862 30784 
4 650 25897 29731 46302 
4 651 32050 20712 32345 
4 652 62367 62286 27850 
4 653 56058 62257 17484 
4 654 28311 27695 32897 
4 656 61670 16160 43881 
4 657 83486 28101 6541 
4 658 60233 28125 27697 
4 659 32818 21083 28906 
4 660 98840 39179 10630 
4 661 83149 30089 29171 
4 663 29070 27585 44586 
4 665 7338 32938 22309 
4 666 89220 10761 12268 
4 667 45701 75071 6761 
4 669 80567 22279 31855 
4 670 7350 7461 32450 
4 673 31460 28325 10661 
4 674 97425 8700 31234 
4 675 23205 21274 60767 
4 677 16538 13288 29871 
4 678 52047 16315 69712 
4 679 36182 31991 29075 
4 680 32354 32436 12018 
4 681 83325 31010 27536 
4 682 20993 7915 22605 
4 684 44034 42248 26892 
4 685 98941 9826 15111 
4 686 31019 29594 27746 
4 687 23826 12645 16872 
4 688 32775 28444 31863 
4 689 24083 21765 6717 
4 690 98205 20404 23474 
4 692 44147 7478 6495 
4 693 20529 9025 97652 
4 694 50798 19547 18882 
4 695 27699 36211 51707 
4 696 24406 23467 24597 
4 697 27162 20984 23682 
4 698 23124 21805 26077 
4 699 97319 7832 78757 
4 700 88025 21052 32334 
4 701 33157 15950 26444 
4 702 45708 24019 18345 
4 703 24529 22400 21698 
4 704 7725 54967 23480 
4 706 23279 27114 8737 
4 707 52179 51441 31028 
4 708 83520 51488 15297 
4 710 52656 28339 31819 
4 712 95209 33993 41278 
4 713 32134 17284 23002 
4 714 23699 23147 6822 
4 715 75282 65090 7556 
4 716 24163 26715 46184 
4 717 93007 21222 18041 
4 718 44713 20619 12736 
4 719 52061 19550 26991 
4 720 29690 7703 13134 
4 721 86746 12560 52463 
4 722 89786 20917 17435 
4 723 18809 50135 18535 
4 724 23241 24842 13240 
4 725 18544 10640 32469 
4 726 18250 7706 7547 
4 727 61952 20434 7795 
4 728 32369 20393 77327 
4 729 90015 12976 11996 
4 730 91657 19691 19459 
4 731 91904 8375 59723 
4 732 32770 6472 71385 
4 733 11080 27387 24319 
4 734 9027 20832 36328 
4 736 52956 38669 7551 
4 737 50947 11848 17796 
4 738 18045 11901 14764 
4 739 95514 25529 7291 
4 741 13341 10826 20230 
4 742 32739 6565 11118 
4 743 18075 14444 11431 
4 744 16861 71147 5276 
4 745 61629 10983 15304 
4 746 13013 83806 6511 
4 747 18985 32744 68434 
4 748 61486 41289 31869 
4 749 14906 12232 15751 
4 751 83235 59440 25621 
4 752 18965 30717 13666 
4 753 12165 7230 8835 
4 754 95323 6843 16191 
4 755 51096 6722 26433 
4 756 92038 9074 12466 
4 757 92780 17744 7138 
4 758 12239 60693 31832 
4 759 15043 24800 32788 
4 760 83062 9252 49338 
4 762 74295 43664 10663 
4 763 26651 10897 26341 
4 764 13330 13184 9368 
4 765 74696 32601 13094 
4 766 32802 13943 50222 
4 767 17875 42091 11125 
4 768 81546 18920 24222 
4 769 65171 32737 33053 
4 770 89112 32272 25489 
4 771 50930 18087 9491 
4 772 11045 42594 39432 
4 774 77225 6457 14178 
4 775 93335 6683 11247 
4 776 14631 27410 19530 
4 777 83576 15435 66546 
4 778 55551 95275 8040 
4 779 15189 12305 81993 
4 780 73834 16975 8815 
4 781 16967 15302 55570 
4 785 77025 17834 56208 
4 787 69120 10736 59608 
4 788 70045 17780 10730 
4 789 65094 19573 25159 
4 790 94015 41559 20258 
4 791 70053 18562 45018 
4 792 49485 51964 18947 
4 793 59679 9923 10660 
4 794 17451 11475 65118 
4 795 56064 9800 16863 
4 796 94048 60005 17611 
4 797 50817 99372 40436 
4 798 14826 12293 17846 
4 800 66718 11860 16843 
4 801 79797 68660 17643 
4 802 96441 20201 19535 
4 803 96405 11133 49745 
4 804 14875 62532 52139 
4 805 68514 6510 8382 
4 806 97484 10631 57809 
4 807 77202 11175 90937 
4 808 67371 18049 18312 
4 809 96548 17529 11046 
4 810 53116 54843 26972 
4 811 56351 75338 7834 
4 812 20199 12801 69516 
4 813 10009 9665 9719 
4 815 50241 9712 11129 
4 816 60125 7920 44320 
4 818 11875 12010 10627 
4 819 69813 6497 93424 
4 820 89510 6475 9937 
4 821 31885 10796 8717 
4 822 14152 11383 13683 
4 823 11745 54331 75878 
4 824 51407 32871 16578 
4 825 15152 11596 11018 
4 826 72573 7836 14938 
4 828 32786 42025 38201 
4 829 54926 11696 90928 
4 833 60950 46258 11887 
4 835 72729 7276 12563 
4 837 48542 47099 11633 
4 838 56869 12775 15158 
4 839 69105 14156 10174 
4 840 15339 15179 13869 
4 841 88956 18347 6001 
4 842 13249 15496 17162 
4 844 90217 6137 11684 
4 845 93307 7890 8244 
4 846 80910 8233 9103 
4 847 16754 7900 63057 
4 848 49466 33646 37845 
4 849 95950 6967 65007 
4 850 94273 49125 41844 
4 851 12427 8973 8429 
4 852 60151 43907 49231 
4 853 44163 11077 11008 
4 854 7828 10558 24663 
4 855 6554 6841 6723 
4 856 10124 77656 33809 
4 857 10256 10478 8480 
4 858 50302 5277 76205 
4 859 45897 3919 41273 
4 860 33634 34897 8838 
4 861 46821 8010 23610 
4 863 9083 39659 7923 
4 865 8237 18477 63114 
4 866 48490 9545 6919 
4 867 61674 10305 18341 
4 868 48891 8006 86219 
4 869 80564 4461 57024 
4 870 11275 8724 6639 
4 871 10610 7260 5297 
4 872 11407 7642 12323 
4 873 12478 60929 15821 
4 874 8305 50877 7891 
4 875 40993 43031 57540 
4 877 8577 7042 31889 
4 879 12629 10100 7308 
4 880 11872 57051 6828 
4 882 12988 80650 4972 
4 883 13694 13124 87780 
4 884 89062 41938 5355 
4 885 92548 8880 8607 
4 886 41330 70163 60123 
4 887 88708 3929 18525 
4 888 14109 5329 42094 
4 889 92099 37004 17938 
4 891 45105 48847 73218 
4 892 15752 48023 16751 
4 893 6445 5240 94673 
4 894 8825 34262 86075 
4 896 49741 20678 41895 
4 897 47818 20724 31813 
4 898 5509 5482 81480 
4 899 12009 81156 11654 
4 900 85432 38963 3960 
4 903 84917 42081 52642 
4 904 99602 84718 61030 
4 905 39162 34096 97508 
4 906 60878 10180 13403 
4 907 73757 4813 40813 
4 908 39249 37575 19883 
4 909 50234 75775 26222 
4 911 89045 85577 18793 
4 912 81714 3910 12083 
4 913 90274 57586 54157 
4 914 41634 86998 23484 
4 915 32939 48681 7150 
4 917 74004 65162 13768 
4 918 95806 43757 7170 
4 919 94725 11781 60702 
4 920 68473 67147 26316 
4 922 98270 11702 5750 
4 923 94306 34170 38528 
4 924 90656 26566 11712 
4 925 80984 31749 18878 
4 926 98313 8718 52154 
4 927 41705 42350 49292 
4 928 96623 11830 31244 
4 929 24860 5243 4939 
4 930 88520 12418 60644 
4 932 39439 40321 49054 
4 933 81848 45940 10929 
4 934 84684 8909 30794 
4 935 44789 44613 43878 
4 936 78186 45096 5088 
4 937 81371 48568 26217 
4 938 80191 55323 26546 
4 940 80502 77397 17922 
4 941 73670 9134 41143 
4 942 94717 30922 34874 
4 943 76060 48925 45534 
4 945 76425 34196 46058 
4 946 99450 43006 5563 
4 947 14113 19056 8699 
4 949 79754 67417 6198 
4 950 43521 46922 30695 
4 951 84404 9354 30263 
4 952 83497 26540 40753 
4 953 89242 4039 45861 
4 954 46753 35000 58691 
4 955 76291 52321 79043 
4 957 33816 27755 55841 
4 958 76353 70458 58470 
4 961 19273 38954 43546 
4 962 33942 62353 65589 
4 964 18153 18043 60554 
4 965 82651 28286 76488 
4 966 69719 14773 26907 
4 967 62597 31722 68404 
4 968 60913 4110 59573 
4 969 52766 49583 65663 
4 970 77504 23377 62373 
4 971 74861 62460 41916 
4 972 62412 59160 5879 
4 973 61088 34546 32842 
4 974 82933 5621 54293 
4 976 56353 48850 79820 
4 977 61265 30495 6902 
4 978 62572 49678 62945 
4 979 76142 6163 27188 
4 980 88228 24377 46786 
4 981 63259 71179 27653 
4 983 41106 4195 44462 
4 984 38133 5311 89695 
4 985 64602 21766 45424 
4 986 79129 79083 57683 
4 988 60134 55960 54569 
4 989 91987 12652 58146 
4 990 67344 67515 23116 
4 992 89165 9682 24810 
4 993 77682 6756 19058 
4 994 79988 54837 59151 
4 995 81417 24231 6241 
4 997 54851 48540 9454 
4 998 91664 38396 85870 
4 999 81830 8739 27035 
4 1000 85025 42345 29879 
4 1001 60918 27487 63723 
4 1002 42682 86805 9931 
4 1003 96070 40027 4418 
4 1004 59851 43876 31249 
4 1005 83968 18314 31685 
4 1006 51264 79144 23850 
4 1008 52774 11711 66660 
4 1009 65801 15531 17972 
4 1010 55647 27927 42122 
4 1012 52450 74796 30508 
4 1013 57574 49025 68991 
4 1014 66746 13040 33021 
4 1015 77816 29451 48817 
4 1016 48975 18843 28907 
4 1017 68031 9227 40772 
4 1018 82551 30741 9138 
4 1019 51425 23235 36573 
4 1020 97592 23788 95787 
4 1021 82444 80142 33581 
4 1022 19517 26692 25205 
4 1024 13052 5179 39312 
4 1026 76071 9284 78051 
4 1027 52015 9483 11154 
4 1028 75153 3942 44365 
4 1030 58369 40880 72728 
4 1032 41328 38425 47528 
4 1033 69576 53664 43275 
4 1034 46582 19412 77855 
4 1035 13228 47595 68474 
4 1036 68389 27003 73818 
4 1037 72231 45028 44786 
4 1038 36435 4472 30329 
4 1040 43287 39146 18565 
4 1041 43243 42131 11722 
4 1042 44402 11819 51655 
