148
2 12 4 
2 28 2 
2 14 3 
2 33 9 
2 35 30 
2 47 77 
2 93 37 
2 97 39 
2 165 42 
2 190 43 
2 196 49 
2 197 51 
2 252 53 
2 256 32 
2 286 57 
2 300 94 
2 326 16 
2 279 36 
2 333 58 
2 369 62 
2 420 63 
2 421 8 
2 423 67 
2 441 68 
2 482 27 
2 484 0 
2 112 1 
2 315 6 
3 21 75 5 
2 34 7 
3 266 66 10 
3 189 87 11 
2 330 13 
2 86 15 
2 225 17 
3 64 40 18 
2 154 19 
2 352 20 
3 492 26 22 
3 299 88 25 
3 113 23 41 
3 158 116 24 
3 322 118 29 
2 306 56 
4 72 46 31 59 
3 155 82 38 
4 73 44 45 48 
2 221 52 
4 213 50 54 55 
2 358 60 
3 141 70 61 
3 454 130 65 
3 334 101 69 
4 108 80 71 74 
4 120 76 83 78 
4 212 131 79 81 
4 156 84 85 89 
3 414 96 91 
4 387 90 92 95 
4 182 98 99 100 
2 486 111 
4 443 102 103 104 
4 261 115 105 110 
4 319 114 106 119 
4 170 122 107 127 
4 277 109 133 117 
4 310 124 121 125 
4 350 129 123 132 
4 166 128 126 134 
4 329 139 135 137 
4 210 140 136 142 
4 236 138 143 144 
4 208 145 146 147 
4 371 148 150 149 
4 264 153 151 157 
4 405 152 162 159 
4 301 169 160 161 
4 410 173 163 164 
4 451 167 168 171 
4 231 172 174 175 
4 462 179 176 177 
4 452 186 178 180 
3 495 238 181 
4 258 183 184 185 
3 234 198 187 
4 240 202 188 204 
4 235 191 193 192 
4 434 203 194 206 
4 412 195 216 199 
4 249 201 200 209 
4 337 211 205 214 
4 324 219 207 215 
4 448 217 222 218 
4 356 220 223 224 
4 396 226 227 228 
4 288 229 230 232 
4 263 233 237 239 
4 320 241 242 243 
4 376 247 244 245 
4 298 246 248 250 
4 360 251 254 253 
4 271 255 257 259 
4 273 260 262 265 
4 394 267 268 270 
4 328 269 272 274 
4 445 275 280 276 
4 430 278 281 283 
4 384 282 284 285 
4 439 287 289 293 
4 475 290 291 294 
4 473 303 292 313 
4 311 296 295 304 
4 364 297 307 302 
4 419 305 308 309 
4 409 312 314 316 
4 367 317 321 318 
4 336 323 325 327 
4 385 331 335 332 
4 351 338 339 340 
4 463 341 342 343 
4 375 344 345 346 
4 442 347 349 348 
4 388 353 355 354 
4 397 357 359 366 
4 424 361 362 363 
4 429 365 368 370 
4 422 372 373 374 
4 400 377 378 379 
4 391 380 381 383 
4 499 382 386 389 
4 437 390 393 392 
4 407 395 398 399 
4 433 401 402 403 
4 455 404 406 408 
4 427 413 411 416 
4 431 418 415 425 
4 444 417 426 428 
4 459 449 432 435 
4 498 436 438 440 
4 468 446 465 447 
4 472 450 453 456 
4 497 457 458 461 
4 474 460 464 466 
4 478 467 469 470 
4 494 471 476 477 
4 490 479 481 480 
4 483 485 487 488 
4 489 491 493 496 
